226.95486276958127
227.15232328261027
224.1912660292772
225.27000152266783
228.59752808238662
225.9591948628801
227.77243678419904
227.58746467144616
229.06604096621393
227.13301308400742
226.34083070941418
225.4669063590018
226.40094251276037
223.00566819396678
228.29489258252477
228.36164891754484
226.10668265944946
226.96617960585976
233.3918276116432
227.49626812861632
218.12697464920407
224.4077736038402
224.11280706571506
227.17454362859422
224.95610776547647
223.3472632011016
224.1383939410203
226.1824019938113
221.4799331214228
228.2036158844224
224.9204886996808
224.775459518751
225.5063287943292
223.9322016236359
228.513809872212
226.41871536292257
223.08466658272252
227.4964526743008
224.65645042039267
225.8241281941543
